480  716  247  517  927  206  931  121  82  79  
191  1067  194  514  199  408  103  583  409  1001  
222  319  483  100  223  554  353  574  563  667  
341  658  127  580  22  1030  298  791  87  957  
311  367  412  121  737  947  335  939  873  991  
252  1005  125  610  268  109  59  961  844  794  
614  824  711  1022  756  372  971  424  96  968  
914  802  118  28  154  1095  375  192  1096  411  
887  103  15  986  869  95  11  759  709  703  
910  199  639  211  491  18  998  885  1026  186  
